XGBoost Model with SMOTE - Metadata
================================================================================

threshold: 0.003
f1_score: 0.2075782537067545
recall_class_1: 0.2850678733031674
precision_class_1: 0.16321243523316062
test_accuracy: 0.721159420289855
mean_probability: 0.31676408648490906
smote_applied: True
