XGBoost V2 Model - Metadata
================================================================================

CONFIG:
  lookahead: 3
  lookahead_minutes: 15
  threshold: 0.0015
  threshold_pct: 0.15
  class_1_ratio: 0.11990491099901432
  smote_applied: True
  feature_count: 18

METRICS:
  f1_score: 0.26141078838174275
  recall: 0.4144736842105263
  precision: 0.19090909090909092
  test_acc: 0.6904347826086956
  mean_prob: 0.3744414448738098
  std_prob: 0.19794312119483948
  prob_gt_03: 0.6023188405797102
  prob_gt_04: 0.44115942028985505
  prob_gt_05: 0.28695652173913044
