XGBoost V2 Model - Metadata
================================================================================

CONFIG:
  lookahead: 5
  lookahead_minutes: 25
  threshold: 0.002
  threshold_pct: 0.2
  class_1_ratio: 0.11300516031773641
  smote_applied: True
  feature_count: 18

METRICS:
  f1_score: 0.23876197494473106
  recall: 0.3624161073825503
  precision: 0.17802197802197803
  test_acc: 0.7005797101449275
  mean_prob: 0.34857210516929626
  std_prob: 0.21493804454803467
  prob_gt_03: 0.5530434782608695
  prob_gt_04: 0.4081159420289855
  prob_gt_05: 0.263768115942029
