XGBoost V3 (Phase 2) - Metadata
================================================================================

CONFIG:
  lookahead: 3
  threshold: 0.001
  feature_count: 33
  phase: 2

METRICS:
  f1_score: 0.34263392857142855
  recall: 0.42344827586206896
  precision: 0.28772258669165884
  test_acc: 0.6585507246376812
  mean_prob: 0.407900333404541
